1e-10 
0.007853981732974483 
0.015707963365948967 
0.023561944998923452 
0.031415926631897934 
0.039269908264872415 
0.0471238898978469 
0.054977871530821384 
0.06283185316379586 
0.07068583479677035 
0.07853981642974482 
0.08639379806271931 
0.0942477796956938 
0.10210176132866827 
0.10995574296164276 
0.11780972459461724 
0.12566370622759174 
0.13351768786056623 
0.1413716694935407 
0.14922565112651517 
0.15707963275948966 
0.16493361439246415 
0.17278759602543864 
0.18064157765841313 
0.18849555929138762 
0.19634954092436208 
0.20420352255733656 
0.21205750419031105 
0.21991148582328554 
0.22776546745626003 
0.2356194490892345 
0.24347343072220898 
0.25132741235518347 
0.2591813939881579 
0.26703537562113244 
0.2748893572541069 
0.2827433388870814 
0.2905973205200559 
0.29845130215303034 
0.30630528378600486 
0.3141592654189793 
0.32201324705195383 
0.3298672286849283 
0.33772121031790275 
0.34557519195087727 
0.35342917358385173 
0.36128315521682625 
0.3691371368498007 
0.3769911184827752 
0.3848451001157497 
0.39269908174872414 
0.40055306338169866 
0.4084070450146731 
0.41626102664764764 
0.4241150082806221 
0.43196898991359656 
0.4398229715465711 
0.44767695317954553 
0.45553093481252005 
0.4633849164454945 
0.47123889807846897 
0.4790928797114435 
0.48694686134441795 
0.49480084297739246 
0.5026548246103669 
0.5105088062433414 
0.5183627878763158 
0.5262167695092904 
0.5340707511422649 
0.5419247327752393 
0.5497787144082138 
0.5576326960411883 
0.5654866776741628 
0.5733406593071373 
0.5811946409401118 
0.5890486225730862 
0.5969026042060607 
0.6047565858390352 
0.6126105674720097 
0.6204645491049842 
0.6283185307379586 
0.6361725123709331 
0.6440264940039077 
0.6518804756368821 
0.6597344572698566 
0.667588438902831 
0.6754424205358055 
0.6832964021687801 
0.6911503838017545 
0.699004365434729 
0.7068583470677035 
0.7147123287006779 
0.7225663103336525 
0.7304202919666269 
0.7382742735996014 
0.7461282552325759 
0.7539822368655504 
0.7618362184985249 
0.7696902001314994 
0.7775441817644738 
0.7853981633974483 
